              precision    recall  f1-score   support

           1     0.0000    0.0000    0.0000        11
           2     0.0000    0.0000    0.0000        11
           3     0.0000    0.0000    0.0000        11
           4     0.0000    0.0000    0.0000        11
           5     0.0000    0.0000    0.0000        10
           6     0.0255    1.0000    0.0497        11
           7     0.0000    0.0000    0.0000        10
           8     0.0000    0.0000    0.0000        11
           9     0.0000    0.0000    0.0000        11
          10     0.0000    0.0000    0.0000        11
          11     0.0000    0.0000    0.0000        11
          12     0.0000    0.0000    0.0000        11
          13     0.0000    0.0000    0.0000        11
          14     0.0000    0.0000    0.0000        10
          15     0.0000    0.0000    0.0000        11
          16     0.0000    0.0000    0.0000        11
          17     0.0000    0.0000    0.0000        11
          18     0.0000    0.0000    0.0000        11
          19     0.0000    0.0000    0.0000        11
          20     0.0000    0.0000    0.0000        10
          21     0.0000    0.0000    0.0000        11
          22     0.0000    0.0000    0.0000        11
          23     0.0000    0.0000    0.0000        11
          24     0.0000    0.0000    0.0000        11
          25     0.0000    0.0000    0.0000        11
          26     0.0000    0.0000    0.0000        10
          27     0.0000    0.0000    0.0000        11
          28     0.0000    0.0000    0.0000        10
          29     0.0000    0.0000    0.0000        11
          30     0.0000    0.0000    0.0000        11
          31     0.0000    0.0000    0.0000        11
          32     0.0000    0.0000    0.0000        11
          33     0.0000    0.0000    0.0000        11
          34     0.0000    0.0000    0.0000        11
          35     0.0000    0.0000    0.0000        10
          36     0.0000    0.0000    0.0000        11
          37     0.0000    0.0000    0.0000        11
          38     0.0000    0.0000    0.0000        10
          39     0.0000    0.0000    0.0000        11
          40     0.0000    0.0000    0.0000        11

    accuracy                         0.0255       432
   macro avg     0.0006    0.0250    0.0012       432
weighted avg     0.0006    0.0255    0.0013       432
