              precision    recall  f1-score   support

           1     0.0000    0.0000    0.0000        11
           2     0.1000    0.0909    0.0952        11
           3     1.0000    0.0909    0.1667        11
           4     1.0000    0.0909    0.1667        11
           5     0.0000    0.0000    0.0000        10
           6     0.0909    0.0909    0.0909        11
           7     0.0000    0.0000    0.0000        10
           8     0.0000    0.0000    0.0000        11
           9     0.0000    0.0000    0.0000        11
          10     0.0241    0.1818    0.0426        11
          11     0.0000    0.0000    0.0000        11
          12     0.3333    0.0909    0.1429        11
          13     0.1250    0.0909    0.1053        11
          14     0.0000    0.0000    0.0000        10
          15     0.0000    0.0000    0.0000        11
          16     0.0000    0.0000    0.0000        11
          17     0.0667    0.0909    0.0769        11
          18     0.0909    0.0909    0.0909        11
          19     0.0000    0.0000    0.0000        11
          20     0.0000    0.0000    0.0000        10
          21     0.0000    0.0000    0.0000        11
          22     0.0000    0.0000    0.0000        11
          23     0.0667    0.0909    0.0769        11
          24     0.0000    0.0000    0.0000        11
          25     0.0000    0.0000    0.0000        11
          26     0.5000    0.1000    0.1667        10
          27     0.0000    0.0000    0.0000        11
          28     0.0000    0.0000    0.0000        10
          29     0.0000    0.0000    0.0000        11
          30     0.0208    0.0909    0.0339        11
          31     0.0000    0.0000    0.0000        11
          32     0.0526    0.0909    0.0667        11
          33     0.2222    0.1818    0.2000        11
          34     0.3333    0.0909    0.1429        11
          35     0.0000    0.0000    0.0000        10
          36     0.0769    0.6364    0.1373        11
          37     1.0000    0.0909    0.1667        11
          38     0.0000    0.0000    0.0000        10
          39     0.0000    0.0000    0.0000        11
          40     0.0000    0.0000    0.0000        11

    accuracy                         0.0579       432
   macro avg     0.1276    0.0570    0.0492       432
weighted avg     0.1288    0.0579    0.0497       432
